30.8170399666
35.9929249287
33.814180851
33.1887798309
30.8240480423
36.2556090355
31.9441659451
28.8488748074
34.1891129017
29.6258919239
29.8968060017
32.2545888424
31.5458090305
31.5748631954
34.7783138752
31.0742070675
28.5873229504
30.9113762379
31.0772669315
30.7179429531
29.9882860184
31.0323588848
33.4119958878
31.8540699482
32.1611509323
32.8373990059
31.5750930309
32.386909008
32.9401288033
35.0901501179
31.4115328789
32.4979038239
36.5130867958
30.5353732109
32.8182780743
31.6042749882
31.1606869698
35.2944669724
30.2930898666
31.7028670311
34.8523850441
30.3874440193
29.9140069485
32.8440690041
29.9490828514
31.2118208408
32.8210270405
31.0056409836
30.5791490078
31.9792411327
