37.0386030674
36.3785009384
34.8391828537
39.5421869755
36.442759037
36.1157557964
37.7502608299
37.3148961067
37.6430790424
36.7406198978
35.412763834
37.4568519592
36.3093168736
39.8088760376
36.9888219833
36.542607069
36.3401660919
37.4208769798
35.2138090134
36.5742199421
37.6406590939
35.1010711193
35.7673900127
36.7284560204
35.7258470058
36.031496048
37.5504479408
37.1096360683
36.8230538368
35.6846940517
36.7423188686
35.3998019695
37.8934772015
35.7461380959
36.1976180077
37.1965179443
37.1140599251
36.5242538452
37.6876311302
35.7293951511
36.1001579762
37.0803279877
